-0.4722222222222223
-0.4722222222222223
-0.29166666666666674
0.10972222222222228
0.09305555555555556
0.09305555555555556
0.09305555555555556
0.09305555555555556
0.056944444444444464
-0.9986111111111111
-0.9986111111111111
-0.9986111111111111
-0.9986111111111111
-0.9986111111111111
-0.9986111111111111
-0.9986111111111111
-0.9986111111111111
-0.9986111111111111
-0.9986111111111111
-0.9986111111111111
-0.9986111111111111
-0.9986111111111111
-0.9986111111111111
-0.9986111111111111
-0.9986111111111111
-0.9986111111111111
-0.9986111111111111
-0.9986111111111111
-0.9986111111111111
-0.9986111111111111
-0.9986111111111111
-0.9986111111111111
-0.9986111111111111
-0.9986111111111111
-0.9986111111111111
-0.9986111111111111
-0.9986111111111111
-0.9986111111111111
-0.9986111111111111
-0.9986111111111111
-0.9986111111111111
-0.9986111111111111
-0.9986111111111111
-0.9986111111111111
-0.9986111111111111
-0.9986111111111111
-0.9986111111111111
-0.9986111111111111
-0.6083333333333334
1.0
1.0
1.0
1.0
1.0
1.0
1.0
1.0
1.0
1.0
1.0
1.0
1.0
1.0
1.0
1.0
1.0
1.0
1.0
1.0
1.0
1.0
1.0
1.0
1.0
1.0
1.0
1.0
1.0
1.0
1.0
1.0
1.0
0.9319444444444445
-0.13194444444444442
-0.9986111111111111
-0.9986111111111111
-0.9986111111111111
-0.9986111111111111
-0.9986111111111111
-0.9986111111111111
-0.9986111111111111
-0.9986111111111111
-0.9986111111111111
-0.9986111111111111
-0.9986111111111111
-0.9986111111111111
-0.9986111111111111
-0.9986111111111111
-0.9986111111111111
-0.9986111111111111
-0.9986111111111111
-0.9986111111111111
-0.9986111111111111
-0.9986111111111111
-0.9986111111111111
-0.9986111111111111
-0.9986111111111111
-0.9986111111111111
-0.9986111111111111
-0.9986111111111111
-0.9986111111111111
-0.9986111111111111
-0.9986111111111111
-0.9986111111111111
-0.9986111111111111
-0.9986111111111111
-0.9986111111111111
-0.9986111111111111
-0.9986111111111111
-0.9986111111111111
-0.9986111111111111
-0.9986111111111111
-0.9986111111111111
-0.9986111111111111
-0.9986111111111111
-0.9986111111111111
-0.9986111111111111
-0.9986111111111111
-0.9986111111111111
-0.9986111111111111
-0.9986111111111111
-0.42638888888888893
-0.10416666666666674
-0.01388888888888884
0.07361111111111107
0.0805555555555556
0.0805555555555556
0.0805555555555556
0.0805555555555556
0.0625
0.061111111111111116
