-0.9986111111111111
-0.9986111111111111
-0.9986111111111111
-0.9986111111111111
-0.9986111111111111
-0.9986111111111111
-0.9986111111111111
-0.9986111111111111
-0.9986111111111111
-0.9986111111111111
-0.9986111111111111
-0.9986111111111111
-0.9986111111111111
-0.9986111111111111
-0.9986111111111111
-0.9986111111111111
-0.9986111111111111
-0.9986111111111111
-0.9986111111111111
-0.9986111111111111
-0.9986111111111111
-0.9986111111111111
-0.9986111111111111
-0.9986111111111111
-0.9986111111111111
-0.8916666666666666
0.06527777777777777
0.22083333333333333
0.17638888888888893
0.17638888888888893
0.17638888888888893
0.17638888888888893
0.17638888888888893
0.17638888888888893
0.17638888888888893
0.17638888888888893
0.17638888888888893
0.17638888888888893
0.17638888888888893
0.17638888888888893
0.9555555555555556
1.0
1.0
1.0
1.0
1.0
1.0
1.0
1.0
1.0
1.0
1.0
1.0
1.0
1.0
1.0
1.0
1.0
1.0
1.0
1.0
1.0
1.0
1.0
1.0
0.9972222222222222
0.5222222222222221
0.2680555555555556
0.2652777777777777
0.2652777777777777
0.2652777777777777
0.2652777777777777
0.2652777777777777
0.2652777777777777
0.2652777777777777
0.2652777777777777
0.2652777777777777
0.2652777777777777
0.2652777777777777
0.2652777777777777
0.2652777777777777
0.2652777777777777
0.2652777777777777
0.2652777777777777
0.2652777777777777
0.2652777777777777
0.2652777777777777
0.2652777777777777
0.2652777777777777
0.2652777777777777
0.2652777777777777
0.2652777777777777
0.2652777777777777
0.2652777777777777
0.2652777777777777
0.2652777777777777
0.2652777777777777
