2.1871883200830213
2.594380753932531
2.0233394239753246
0.19374774235457898
-0.17745116658237975
-0.5251317567563666
-0.7871450862240184
-0.9726560906408533
-0.9289441781778616
4.013406793785644
4.865981996194671
5.420570739953772
5.683007416529635
5.702771713580199
5.527430945279466
5.201874421507224
4.767199992155897
4.2599271713265665
3.711495197536056
3.1480092188466196
2.590228662722076
2.0538003804202734
1.5497163216880354
1.0849415439662027
0.6631352418598422
0.2853829477540829
-0.04912571269461338
-0.3425086152664146
-0.5970113920154222
-0.8180015139988133
-1.0072648081030962
-1.1688682379601367
-1.3062021285131251
-1.4224218939409958
-1.5203910663262858
-1.6026581526794765
-1.6714518087021382
-1.7286886710527392
-1.7759896129763502
-1.8147013542247317
-1.8459212163900431
-1.870523440888489
-1.8891859389437273
-1.9024166687821857
-1.9105790709840704
-1.913525127121383
-1.9121180046886264
-1.9061069860863387
-3.8206939067022354
-11.718919051827958
-13.795383630771509
-14.930276237286568
-15.203017333612141
-14.810893872275146
-13.956415275694715
-12.812309527166123
-11.505985690566819
-10.12243964841553
-8.715236924235437
-7.3175541627330905
-5.950199076240081
-4.626591039519059
-3.3556635240197057
-2.1435824773097845
-0.9948374491843643
0.08701540094672049
1.0988304031148048
2.0375796036020195
2.90023388046589
3.6838060774103782
4.385521735983237
5.0030728115949366
5.534913198466986
5.980554216477809
6.340815681373512
6.617992578310447
6.8159083670350515
6.939842129755144
6.996335194440333
6.992899819271026
6.937664628064035
6.838996733904104
6.953723999162674
11.04993008745206
15.530481313613475
16.484929263500955
16.87668697599375
16.781845545659355
16.322874329810656
15.612230460766092
14.743484057679913
13.791417981652044
12.81531921818444
11.861220812296633
10.962446911558105
10.139765201561747
9.402408513964133
8.75027596948418
8.176824986123863
7.671931193667612
7.224194191781826
6.822500100204785
6.456906418205694
6.119025763075866
5.8020859001650535
5.500826291278539
5.211305883530712
4.93068398007465
4.657113721078836
4.388339725206424
4.125932336357098
3.867350669916353
3.613153541427363
3.363337230259453
3.1179899230980848
2.8772252497751953
2.6411443660566563
2.4098101025715533
2.1832304533181444
1.961348865151702
1.7440392192338978
1.5311038096754832
1.322272997137314
1.1172055295663026
0.9154887722666042
0.7166382758517713
0.5200962382108113
0.3252284924032428
0.1313196838101582
-0.06243370607882284
-0.2569328686126037
