3.152315518363037
3.1122176708380334
3.039991834105297
2.9498642342020904
2.8465738368737377
2.73357027790943
2.6137753991192367
2.489646517055306
2.363244609882816
2.239644992329269
2.11756369277309
1.9961413863880937
1.8761456816346205
1.7581877715946113
1.6452227573300156
1.552265566709737
1.4783621695778792
1.418316719901396
1.3700713921215715
1.332305606624202
1.303946079771094
1.2841146536053565
1.2720836989211766
1.2672424225070933
1.2690709067774661
1.2771199724689544
1.2909953564508334
1.310345107806428
1.3348494441878602
1.3642125176640114
1.3981556868924936
1.436412000691435
1.478721679701504
1.5248284424285656
1.5744765650264092
1.6274085995428977
1.683363699707721
1.742076517929143
1.8032766429844778
1.8666885472629466
1.9320320082718954
2.0038908575569296
2.0945190656666144
2.197199047367753
2.309493104453584
2.430207420503892
2.558137110905155
2.69207195186245
2.830815435657941
2.973207681352624
3.1181477215914324
3.2646112570928767
3.4116615577648997
3.5584530586261427
3.7042287375059892
3.8483132555245283
3.9901041013537015
4.129062785061839
4.264707673429494
4.396609484493739
4.516275831702838
4.622528324811942
4.720015155099063
4.81268644765763
4.901342457669417
4.986379779849707
5.068097991694174
5.146719246570685
5.2224091867724365
5.295294101513463
5.365474549370397
5.433035741811664
5.498055101228289
5.560607464477688
5.620768409127805
5.678616147537322
5.7342323783301925
5.787702418617394
5.8391148731453555
5.8885610346536525
5.936134156435807
5.981928694588616
6.026428796937747
6.070128518364372
6.112350244077842
6.153187541076722
6.192732395761249
6.231075052235072
6.268303818141451
6.304504943825906
6.339762562860675
6.374158684287684
6.407773227753834
6.440684093724123
6.472967262012465
6.504696912891834
6.535945565989975
6.566784233022238
6.5972825811509015
6.62750910439099
6.657531301012691
6.687415855327756
6.717228822602134
6.74703581611817
6.77690219562648
6.806893256587074
6.837074419707941
6.86751142035221
6.898270497405109
6.929418581171708
