0.018811991969061914
0.04372489796678858
0.0646746376937557
0.06963240321939601
0.06928811767647547
0.06515476623143623
0.05806687007942335
0.04882982597559371
0.039543739254058075
0.0729073046722295
0.11935847921118325
0.17261670354631287
0.22958318825115054
0.2876212252689947
0.34458159580694137
0.39877989297530236
0.4489618693294535
0.4942596511146604
0.5341420459218265
0.5683615900493786
0.5969006881868566
0.6199191837979177
0.6377056334466702
0.6506341995522291
0.659128421453993
0.6636323305740142
0.6645886348759529
0.6624232116277176
0.6575408104170464
0.6502974549707097
0.6410259112997743
0.6300203223587073
0.6175391650797288
0.6038078422546285
0.5890214812987975
0.5733480703323268
0.5569317086612902
0.5398958215803211
0.5223462383911919
0.5043740682225462
0.4860583339467066
0.4674683428999331
0.44866578624236775
0.42970656812309516
0.41064237240698187
0.3915253002195467
0.37240005105506313
0.3533122188549047
0.31803571587905255
0.214799642871927
0.08240151072770141
-0.06513552697134184
-0.21857932359939092
-0.3704573586922524
-0.5153358563344934
-0.6496588823778486
-0.7713407511595545
-0.8793152258407018
-0.9731692986356726
-1.052893398366923
-1.1187270991914882
-1.1710676501220054
-1.2104155433565933
-1.2373413853943283
-1.2524656432100243
-1.25644683669274
-1.2499756362961851
-1.2337727951617317
-1.2085889059793984
-1.1752043929636078
-1.1344283156400823
-1.0870949373060594
-1.034057467985051
-0.9761787874179917
-0.9143193935092997
-0.8493232502871932
-0.7820025589996868
-0.7131226847412364
-0.643388500534309
-0.5734332576457173
-0.5038107890431025
-0.4349914643659667
-0.3652657802562249
-0.2604407927457224
-0.11163374572143558
0.05187907559973226
0.22156220187871334
0.3920202974204168
0.559058882337879
0.7196955810761678
0.871989458437421
1.0148345393189144
1.147781973188509
1.2708964847260567
1.3846282560036818
1.489687420315543
1.5869235407760718
1.6772211939251116
1.7614216671601086
1.840274162584187
1.9144132909034512
1.9843559948559861
2.0505105191604462
2.113191417100175
2.1726364128069577
2.2290227629159753
2.28248189312426
2.3331117886725727
2.380988142631777
2.426161639527722
2.4686952591541567
2.508628417501577
2.546002795998742
2.580860584532242
2.613244842349564
2.643199960156343
2.6707716608765515
2.696006689885925
2.7189523026182196
2.739655629620378
2.75816297556631
2.7745190895931864
2.7887664292481626
2.800944428770349
2.811088773730134
2.819230677539109
2.825396150400836
2.8296052473342606
2.831871278483101
2.8321999616166793
2.8305884931896013
2.826307341040057
2.820781889806074
2.8153875472927314
2.810718760895516
2.807082409529012
2.8045384336179042
2.802983608909533
2.802244461441825
2.802021157451326
2.802080667303815
