5.33541813321467
6.754954390972946
7.918559279605729
8.057706046060936
8.7454048989534
9.24477613415804
9.581752482834597
9.777906665325219
9.851935181215051
9.82023501442443
9.69731986315114
9.496110885611946
9.228141086331812
8.903703324048461
8.531963728778184
8.121055763371489
7.678165020040629
7.209610865477384
6.72092807611909
6.216949505082395
5.701889456583286
5.1794266606174775
4.652785385358446
4.124813161541521
3.598053792154587
2.909437228731534
0.7837036638915507
-0.736248943852439
-1.9717054861737364
-3.145906610105178
-4.235633362859993
-5.248760032109669
-6.188848513412688
-7.056669376022976
-7.850784447250521
-8.568122839952524
-9.20457470448315
-9.75562401767403
-10.217012602123269
-10.585395769842785
-12.883475722217588
-13.978316293241585
-14.815726823660007
-15.443967167852099
-15.867821883027043
-16.100367760980536
-16.160196513074986
-16.068963585747554
-15.848992928312452
-15.521552210677733
-14.770229907755402
-14.291396644969588
-13.759550909085783
-13.191144191376146
-12.598449786384379
-11.992285773745808
-11.381999284138741
-10.775479177012915
-10.179178435382257
-9.598168520223371
-9.03623415631587
-8.496005134800669
-7.979114107609768
-7.48636659809881
-7.01791044068329
-6.572051961131858
-5.951696572987078
-5.7522391045730155
-5.780328981065158
-5.781759290403122
-5.760254609534699
-5.718450584155503
-5.659418720186155
-5.586463122670906
-5.502966695712696
-5.412262518282959
-5.317534108963586
-5.221744737873919
-5.1275935662746885
-5.037494845566
-4.953575665415403
-4.877687649748832
-4.811428354885885
-4.756168733478551
-4.713083736769518
-4.683183828306641
-4.667345809750159
-4.666341882459622
-4.680866279011777
-4.71155910262687
-4.759027222726216
-4.823862206884697
-4.906655337989667
-5.008009782862273
-5.128549954216475
-5.268928047522063
-5.429827640601962
