-0.5384615384615385
-0.33333333333333337
0.07692307692307687
0.07692307692307687
0.1282051282051282
0.1282051282051282
0.1282051282051282
0.07692307692307687
-0.9487179487179487
-0.9487179487179487
-0.8974358974358975
-0.9487179487179487
-0.8974358974358975
-0.9487179487179487
-0.8974358974358975
-0.8974358974358975
-0.8974358974358975
-0.8974358974358975
-0.8974358974358975
-0.8974358974358975
-0.8974358974358975
-0.8974358974358975
-0.8974358974358975
-0.8974358974358975
-0.8974358974358975
-0.8461538461538461
-0.8974358974358975
-0.8461538461538461
-0.8461538461538461
-0.8461538461538461
-0.8461538461538461
-0.8461538461538461
-0.8461538461538461
-0.8461538461538461
-0.8461538461538461
-0.8461538461538461
-0.8461538461538461
-0.7948717948717949
-0.7948717948717949
-0.7948717948717949
-0.7948717948717949
-0.7948717948717949
-0.7948717948717949
-0.7948717948717949
-0.7948717948717949
-0.7435897435897436
-0.7435897435897436
-0.3846153846153846
1.0
1.0
1.0
1.0
1.0
1.0
1.0
1.0
1.0
1.0
1.0
1.0
1.0
1.0
1.0
1.0
1.0
0.9487179487179487
0.9487179487179487
0.9487179487179487
0.8974358974358974
0.8974358974358974
0.8974358974358974
0.8974358974358974
0.846153846153846
0.846153846153846
0.846153846153846
0.846153846153846
0.7948717948717947
0.7948717948717947
0.7948717948717947
0.7948717948717947
0.7435897435897436
0.6923076923076923
-0.28205128205128205
-1.0
-1.0
-1.0
-1.0
-1.0
-1.0
-1.0
-1.0
-1.0
-1.0
-1.0
-1.0
-1.0
-1.0
-1.0
-1.0
-1.0
-1.0
-1.0
-1.0
-1.0
-1.0
-1.0
-1.0
-1.0
-1.0
-1.0
-1.0
-1.0
-1.0
-1.0
-1.0
-1.0
-1.0
-1.0
-1.0
-1.0
-1.0
-1.0
-1.0
-1.0
-1.0
-1.0
-1.0
-1.0
-1.0
-1.0
