-0.5389473684210526
-0.318421052631579
0.09263157894736837
0.09263157894736837
0.1078947368421053
0.1178947368421053
0.12789473684210528
0.09263157894736837
-0.9247368421052632
-0.9247368421052632
-0.9247368421052632
-0.9247368421052632
-0.9247368421052632
-0.9147368421052632
-0.9147368421052632
-0.9047368421052632
-0.9047368421052632
-0.8947368421052632
-0.8947368421052632
-0.8947368421052632
-0.8847368421052632
-0.8847368421052632
-0.8847368421052632
-0.8747368421052631
-0.8747368421052631
-0.8747368421052631
-0.8647368421052631
-0.8647368421052631
-0.8647368421052631
-0.8547368421052631
-0.8547368421052631
-0.8447368421052632
-0.8447368421052632
-0.8394736842105264
-0.8294736842105264
-0.8294736842105264
-0.8294736842105264
-0.8194736842105264
-0.8094736842105263
-0.8094736842105263
-0.7994736842105263
-0.7994736842105263
-0.7894736842105263
-0.7894736842105263
-0.7794736842105263
-0.7694736842105263
-0.7694736842105263
-0.388421052631579
1.0
1.0
1.0
1.0
1.0
1.0
1.0
1.0
1.0
1.0
1.0
1.0
1.0
1.0
1.0
1.0
0.985
0.96
0.9447368421052631
0.9347368421052631
0.9147368421052631
0.9047368421052631
0.894736842105263
0.884736842105263
0.864736842105263
0.854736842105263
0.8394736842105261
0.8294736842105261
0.8094736842105261
0.7994736842105261
0.7894736842105261
0.7694736842105261
0.7594736842105261
0.6842105263157894
-0.3031578947368421
-1.0
-1.0
-1.0
-1.0
-1.0
-1.0
-1.0
-1.0
-1.0
-1.0
-1.0
-1.0
-1.0
-1.0
-1.0
-1.0
-1.0
-1.0
-1.0
-1.0
-1.0
-1.0
-1.0
-1.0
-1.0
-1.0
-1.0
-1.0
-1.0
-1.0
-1.0
-1.0
-1.0
-1.0
-1.0
-1.0
-1.0
-1.0
-1.0
-1.0
-1.0
-1.0
-1.0
-1.0
-1.0
-1.0
-1.0
