-0.5689473684210526
-0.7994736842105263
-0.8094736842105263
-0.8194736842105264
-0.8194736842105264
-0.8294736842105264
-0.8194736842105264
-0.8194736842105264
-0.8194736842105264
-0.8194736842105264
-0.8094736842105263
-0.8094736842105263
-0.8094736842105263
-0.7142105263157895
-0.1578947368421053
0.042631578947368354
0.06263157894736836
0.06263157894736836
0.07263157894736835
0.07263157894736835
0.07263157894736835
0.07263157894736835
0.07263157894736835
0.07263157894736835
0.07263157894736835
0.07263157894736835
0.08263157894736836
0.07263157894736835
0.07263157894736835
0.08263157894736836
0.07263157894736835
0.08263157894736836
0.07263157894736835
0.08263157894736836
0.07263157894736835
0.08263157894736836
0.07263157894736835
0.08263157894736836
0.07263157894736835
0.08263157894736836
0.22315789473684203
0.6289473684210527
0.6442105263157893
0.6542105263157894
0.6542105263157894
0.6542105263157894
0.6542105263157894
0.6542105263157894
0.6542105263157894
0.6542105263157894
0.6542105263157894
0.6542105263157894
0.6542105263157894
0.6442105263157893
0.6442105263157893
0.6442105263157893
0.6442105263157893
0.6442105263157893
0.6442105263157893
0.4336842105263157
0.20789473684210527
0.1178947368421053
0.1178947368421053
0.1178947368421053
0.1178947368421053
0.1178947368421053
0.1178947368421053
0.1178947368421053
0.1178947368421053
0.1178947368421053
0.1178947368421053
0.1178947368421053
0.1178947368421053
0.12789473684210528
0.12789473684210528
0.12789473684210528
0.1378947368421053
0.1378947368421053
0.1478947368421053
0.1178947368421053
0.1178947368421053
0.15789473684210528
0.15789473684210528
0.1678947368421053
0.17789473684210527
0.18789473684210528
0.18789473684210528
0.1978947368421053
0.20789473684210527
0.21315789473684202
0.22315789473684203
0.22315789473684203
0.233157894736842
0.24315789473684202
0.253157894736842
0.26315789473684204
0.27315789473684204
0.283157894736842
0.293157894736842
0.31315789473684197
0.3284210526315788
0.34842105263157874
0.36842105263157876
0.3884210526315788
0.41842105263157875
0.4536842105263157
0.4936842105263157
0.5489473684210526
0.6089473684210527
0.6089473684210527
