-0.0042057870010139276
-0.01062327708836075
-0.018683183996941022
-0.027216108634692815
-0.03623835484548854
-0.04620424291781522
-0.05696249467102521
-0.06838860426814852
-0.08037958964789826
-0.09284992952937665
-0.10572836024230681
-0.11895532048811952
-0.13248088955251058
-0.14626310711583013
-0.1602665933476043
-0.17446140952837974
-0.1888221145492045
-0.20332698325099297
-0.21795736013005418
-0.23269712748715649
-0.24753227135061667
-0.2624505319339637
-0.27744112829501816
-0.2924945494165674
-0.3076024062044061
-0.3226289652678971
-0.33632057602802445
-0.3481908801586599
-0.3585710804043157
-0.3676366314448677
-0.375518311691712
-0.3823359376107439
-0.3881952600277984
-0.3931905121620576
-0.397406462382748
-0.40092013993835623
-0.4038022418792742
-0.40611821669337755
-0.40792901658041186
-0.40929152040467354
-0.40895377647309633
-0.4069353624833636
-0.4034747214082858
-0.3987231901336463
-0.39281646588085345
-0.3858763251063255
-0.37800923920320795
-0.3693058553921161
-0.35984156163722386
-0.3496780543860058
-0.3391235831832532
-0.32834622419145415
-0.3170372148810351
-0.30523117764366015
-0.2929603757728917
-0.2802560284722977
-0.2671490946934077
-0.2536707167131652
-0.23985240139371888
-0.22572602634748734
-0.21132375203613574
-0.19667790666199403
-0.1818208934077361
-0.1667851530103135
-0.15160320114769132
-0.136314393731776
-0.12208825793806044
-0.10937645455774736
-0.09792955018800675
-0.0875599074838358
-0.07812897118853557
-0.06951231847617056
-0.061599288182217826
-0.05429218371832467
-0.04750534572810394
-0.04116414451189687
-0.03520393936489652
-0.029569043187825494
-0.024211721709217593
-0.019091248195947874
-0.014173027140227612
-0.009427794328859762
-0.004830895952276704
-0.0003616458951146706
0.003997242103190857
0.008260152314439329
0.012439000719036586
0.01654361074133226
0.02058203726970309
0.02456084500222555
0.028485346796042976
0.03235980724517895
0.03618761621470323
0.039971436550874206
0.043713329687426694
0.04741486238901671
0.05107719741877648
