0.02659108379972021
0.033725211747582674
0.028379206760853082
0.006342796797673055
0.00019247085005321917
-0.005276522379095567
-0.009495651806367855
-0.012598459932366558
-0.012735322226849938
0.047102354778925014
0.0623917039317219
0.07281136750266536
0.07865953307618054
0.08062552266421506
0.07942482023495952
0.07577379893386328
0.07035793109151685
0.06380179869584007
0.056645151645845826
0.04932816962077559
0.04218717147423973
0.03545989718895116
0.029297845231864003
0.023782424349033174
0.018941889796975312
0.014766854477143085
0.011223168890836075
0.008261829979524219
0.005834600853269417
0.003858853821167554
0.002295825151373231
0.0010836228377324225
0.00016946429700133783
-0.0004951116389107675
-0.0009538713360060062
-0.0012458041368353047
-0.001405195453587723
-0.0014618054400497996
-0.0014411197734238224
-0.001364649163639129
-0.0012502602112772932
-0.0011125239806908664
-0.000963071215559102
-0.0008109450891790569
-0.0006629440478040368
-0.0005194229253819278
-0.0003916408757597207
-0.00027826352058023
-0.02227935480321979
-0.11570523262732374
-0.14924688970458266
-0.17202901090175526
-0.1849703084249159
-0.18973791909320917
-0.18803442765892744
-0.18142725864622722
-0.17124867687685563
-0.15857503219812152
-0.14425220184755735
-0.128938115339011
-0.11314559366363107
-0.09727842171154033
-0.08165896559082625
-0.06654804539602498
-0.052158560298743474
-0.03866442185209889
-0.02620613863840629
-0.014894137650744413
-0.00481063004873129
0.003989628805789575
0.011479086294189629
0.017656966419834077
0.022548426147301986
0.026203131327334248
0.028693145570081593
0.030110093871365363
0.030561643586166656
0.03016743137000279
0.029054641379372127
0.027353491943938088
0.025192904051009813
0.022696602578494002
0.0232431960440711
0.07580769061504578
0.13796892211354156
0.15905890530606254
0.17121392266408605
0.17508753457980017
0.17183375083709085
0.16277257943776913
0.14933586346773492
0.13299723708712638
0.11518159591892128
0.09716149639778503
0.07996307316396932
0.06430795854667666
0.05060686264770863
0.03900144717754565
0.029435462972645182
0.021731562462177865
0.01565604035387746
0.0109637822452072
0.00742404690293837
0.004831872780105783
0.0030105816093736948
0.001809919618162538
0.0011026398641214561
0.0007810019188257342
0.0007578155622344235
0.0009185933201626362
0.0012801502288798978
0.0017222981528316002
0.0022172659816411784
0.002728521601889028
0.0032271423495811025
0.0036907670320629722
0.0041027703392190916
0.004451486337646829
0.004729483507435234
0.0049328939180274985
0.00506079926496556
0.005114675553174114
0.0050978968701543
0.005015297313617909
0.004872788919397847
0.0046770324643521126
0.004435157317532234
0.004154526066795425
0.003842539424725211
0.0035064768772991614
0.003153368640015905
