0.030146286115909627
-0.11950721172308479
-0.20566951519241372
-0.25855135722630035
-0.3017947956948086
-0.3369305726649629
-0.3654259520979851
-0.38849319104602587
-0.40713401458380416
-0.38737696452844217
-0.4026883334708595
-0.4157165741606578
-0.4268742171452751
-0.43645965883553706
-0.43566692820013925
-0.3825132489663163
-0.32825164186823375
-0.28780388918735067
-0.2521369484639943
-0.22068457231525307
-0.1928438827416625
-0.16811975483898264
-0.14609933826474006
-0.12643568933194618
-0.10883524619901337
-0.09304814478711249
-0.07886063594563968
-0.06608907151669847
-0.0545750782491522
-0.04418164389036049
-0.034789911514496695
-0.02629652777549594
-0.01861142491804264
-0.011655945535293076
-0.005361235963815149
0.00033315136354813025
0.005480490442718786
0.010127978737138535
0.014317713274077416
0.018087555598507745
0.021471894023698073
0.04107745627821133
0.0992870709504953
0.13594076765305824
0.16926263518021317
0.19960130475250193
0.2271724134025087
0.25217645049163256
0.2748063064746179
0.29525181888323304
0.3136991599697002
0.33032622631353165
0.34529575781333455
0.3587478413281296
0.3707929403680815
0.3815059853319654
0.3909216115800198
0.3990304589294067
0.40577630500425627
0.4110534044880789
0.37233663366375785
0.31455693728324047
0.26673778468116144
0.23414403336924985
0.20595219636546624
0.18189146146350987
0.1614795719104487
0.1442572893503971
0.129794726485449
0.11769834309719883
0.10761447225820933
0.0992301644859796
0.0922720760126298
0.08650405606341853
0.08172396780764778
0.07776014855963172
0.07446779762842237
0.07172548364140212
0.06943188873246776
0.06750285260238281
0.06586874160614693
0.06447214296785327
0.057539781402691406
0.056509706840316726
0.05560084961198324
0.05478570182787981
0.05404407370800729
0.053359560069121376
0.052718895413175586
0.05211137749260386
0.05152839259872849
0.0509630254318271
0.05040973954496906
0.049864116408723846
0.049322642976240616
0.04878253922915515
0.048241618568589856
0.047698175101061745
0.04715089287730413
0.046598772994043164
0.046041075184936844
0.04547727112600396
0.044907007179984706
0.04433007471826699
0.04374638650157075
0.04315595788297236
0.042558891828921454
0.04195536694410382
0.041345627841389565
0.040729977324744156
